=== wl_25 için sonuçlar ===
En iyi çözüm:
Fitness: 863594.5625000001
Çözüm: 19 5 4 24 23 4 1 5 17 4 3 4 5 5 11 3 3 5 3 9 18 9 10 3 11 4 12 10 3 14 6 3 10 16 5 10 17 18 23 16 19 10 21 6 22 23 3 24 24 19


=== wl_50 için sonuçlar ===
En iyi çözüm:
Fitness: 1035011.9125000001
Çözüm: 28 24 11 3 24 40 6 22 24 11 10 11 37 28 10 35 41 10 10 22 3 24 22 33 24 28 26 40 31 28 24 31 28 33 24 10 37 22 26 6 40 41 49 40 44 11 35 4 3 41


=== wl_200 için sonuçlar ===
En iyi çözüm:
Fitness: 33853.72126
Çözüm: 118 190 38 23 167 173 157 160 118 190 23 53 86 190 6 13 110 37 100 43 68 121 188 125 109 163 66 21 82 109 103 153 166 160 21 79 75 110 57 160 146 145 87 176 85 63 182 107 8 81 180 75 150 4 38 7 18 85 85 19 33 4 107 11 115 81 75 166 9 182 11 136 115 7 50 175 53 101 103 87 18 87 122 68 52 41 75 136 196 87 196 52 100 10 80 153 64 122 115 168 41 67 75 160 176 62 187 45 23 115 41 107 23 104 18 87 125 125 4 12 109 118 65 12 100 134 12 22 155 75 154 11 74 169 13 113 22 37 187 19 40 117 40 198 196 166 190 109 122 31 81 155 76 153 12 186 21 11 22 39 76 81 51 173 7 182 61 13 13 115 79 95 63 160 80 31 80 46 53 17 50 31 113 125 79 113 50 33 103 175 101 38 144 176 76 144 183 122 61 68


=== wl_300 için sonuçlar ===
En iyi çözüm:
Fitness: 79161.93508999997
Çözüm: 41 234 234 93 86 93 20 213 101 269 171 192 177 154 154 20 180 48 197 113 158 288 178 94 197 61 84 164 270 236 283 209 132 64 256 200 171 151 126 158 247 106 214 170 254 61 284 99 234 92 6 134 170 191 34 231 284 14 184 57 256 225 278 82 69 39 228 71 280 12 165 96 14 102 139 283 269 5 20 203 49 205 270 57 102 132 209 200 239 219 12 102 164 142 272 147 85 156 261 233 122 262 243 53 130 68 47 214 180 269 205 102 78 118 80 154 276 284 270 171 21 281 62 17 184 34 212 214 222 256 198 212 58 133 126 8 26 38 96 86 232 94 102 236 121 113 17 252 265 248 184 84 253 262 154 209 191 57 214 191 206 253 113 39 95 94 286 273 154 280 232 133 288 226 96 80 209 77 101 170 286 258 222 192 129 99 41 16 20 99 71 281 26 236 150 142 142 149 209 171 122 223 288 156 213 184 205 216 6 94 154 231 159 252 157 162 41 38 99 8 58 227 284 129 176 251 134 156 172 8 121 231 222 184 132 52 57 71 130 162 223 180 201 152 161 268 37 176 65 162 130 182 71 133 153 268 104 111 48 141 64 153 286 71 65 37 142 11 284 84 266 154 35 184 103 176 156 106 171 191 256 113 263 291 286 198 158 200 225 176 253 13 180 234 281 13 266 180 65 236


=== wl_500 için sonuçlar ===
En iyi çözüm:
Fitness: 84441.23494999998
Çözüm: 456 423 83 75 355 301 96 148 26 70 118 351 445 349 290 34 111 0 96 207 319 462 91 190 412 311 302 194 116 112 124 120 107 299 406 473 132 340 93 87 462 130 337 491 439 303 115 18 456 392 406 51 146 98 205 191 129 432 70 178 473 369 199 459 214 402 382 415 207 299 385 63 180 468 438 249 482 314 206 118 271 207 411 54 207 466 21 424 214 257 147 469 40 102 175 319 20 497 208 21 170 470 5 77 456 223 429 339 137 341 162 226 258 321 341 35 106 330 462 150 36 290 389 228 341 469 206 310 116 290 337 246 161 337 194 280 302 206 153 180 447 292 83 241 275 217 153 91 461 212 174 286 468 282 63 382 259 35 40 482 70 178 328 175 19 455 265 101 78 166 279 181 66 355 406 255 482 34 215 450 274 494 476 375 217 251 147 266 50 398 92 4 88 292 385 442 429 46 453 196 299 56 172 429 337 329 236 497 417 156 467 75 331 461 394 346 382 450 419 57 311 36 209 215 215 254 424 331 249 429 152 432 288 395 420 442 152 1 13 150 412 139 288 403 229 232 23 437 344 394 10 432 497 219 198 459 120 473 277 375 147 319 366 394 51 339 342 166 373 222 149 181 21 55 50 234 461 192 491 391 207 199 197 77 208 146 21 58 110 387 412 206 258 109 255 92 441 196 265 428 94 336 279 57 70 308 260 102 421 372 197 4 4 419 215 466 363 98 0 277 203 415 476 89 395 424 214 21 378 155 28 310 26 223 1 116 40 60 120 330 82 392 391 429 453 411 224 293 425 348 112 497 274 26 262 231 133 56 78 352 180 183 318 476 41 367 351 261 24 303 67 379 199 313 148 279 246 58 455 149 38 153 6 369 250 283 262 282 147 402 67 263 362 224 409 67 197 294 21 286 437 447 214 106 453 236 470 308 282 60 329 339 342 416 366 462 245 274 38 0 241 11 112 118 302 416 282 50 408 340 154 282 381 399 339 311 23 50 208 322 238 275 160 23 153 287 18 278 46 303 440 456 443 445 65 299 261 77 314 45 417 278 71 401 246 370 241 272 199 440 438 308 366 322 80 245 493 72 497 56 438 468 464 223 196 217 161 311 262 349 387 244 331 258 55 263 351 499 223 391


